20 20
1 1 1 1 1 1 1 1 1 1 1 1 1 1 1 1 1 1 1 1
1 -1 0 0 0 0 0 0 1 0 0 0 0 0 1 0 0 0 0 1
1 1 1 0 1 1 1 0 1 0 1 1 1 0 1 0 1 1 1 1
1 0 0 0 1 0 0 0 0 0 1 0 0 0 0 0 1 0 0 1
1 0 1 1 1 0 1 1 1 1 1 0 1 1 1 1 1 0 1 1
1 0 1 0 0 0 1 0 0 0 0 0 1 0 0 0 0 0 1 1
1 0 1 0 1 1 1 0 1 1 1 1 1 0 1 1 1 1 1 1
1 0 1 0 1 0 0 0 1 0 0 0 0 0 1 0 0 0 0 1
1 0 1 0 1 0 1 1 1 0 1 1 1 1 1 0 1 1 0 1
1 0 0 0 1 0 1 0 0 0 1 0 0 0 1 0 1 0 0 1
1 1 1 0 1 0 1 0 1 1 1 0 1 0 1 0 1 0 1 1
1 0 0 0 1 0 0 0 1 0 0 0 1 0 0 0 1 0 0 1
1 0 1 1 1 1 1 1 1 0 1 1 1 1 1 1 1 1 1 1
1 0 1 0 0 0 0 0 0 0 1 0 0 0 0 0 0 0 0 1
1 0 1 0 1 1 1 1 1 0 1 0 1 1 1 1 1 1 0 1
1 0 0 0 1 0 0 0 1 0 0 0 1 0 0 0 1 0 0 1
1 1 1 0 1 0 1 0 1 1 1 1 1 0 1 0 1 0 1 1
1 0 0 0 0 0 1 0 0 0 0 0 0 0 1 0 0 0 1 1
<<<<<<< HEAD
1 0 1 1 1 1 1 1 1 1 1 1 1 1 1 1 1 0 -2 1
=======
1 0 1 1 1 1 1 2 2 2 0 0 3 0 1 1 1 0 -2 1
>>>>>>> fbe0b0f (补充草地与岩浆相关功能)
1 1 1 1 1 1 1 1 1 1 1 1 1 1 1 1 1 1 1 1